14,3
14,2
14,1
14,0
13,19
13,18
13,17
13,16
13,15
13,14
13,13
13,12
13,3
13,2
13,1
13,0
4,3
2,3
1,3
0,496
0,410
0,324
0,243
0,9
0,0
0,1
0,558
0,300
0,557
0,299
0,556
0,298
0,555
0,297
0,554
0,296
0,553
0,295
0,552
0,294
0,551
0,293
0,550
0,292
0,549
0,291
0,548
0,290
0,547
0,289
0,546
0,288
0,545
0,287
0,544
0,286
0,543
0,285
0,542
0,284
0,541
0,283
0,540
0,282
0,451
0,281
0,460
0,280
0,539
0,279
0,564
0,278
0,450
0,277
0,459
0,276
0,563
0,275
0,444
0,274
0,438
0,273
0,538
0,272
0,537
0,271
0,536
0,270
0,535
0,269
0,534
0,268
0,533
0,267
0,532
0,266
0,531
0,265
0,530
0,264
0,529
0,263
0,528
0,262
0,527
0,261
0,526
0,260
0,525
0,259
0,524
0,258
0,523
0,257
0,522
0,256
0,521
0,255
0,520
0,254
0,519
0,253
0,518
0,252
0,517
0,251
0,516
0,250
0,515
0,249
0,514
0,248
0,513
0,247
0,512
0,246
0,511
0,245
0,510
0,244
0,509
0,242
0,508
0,241
0,507
0,240
0,506
0,239
0,505
0,238
0,504
0,237
0,503
0,236
0,502
0,235
0,501
0,234
0,500
0,233
0,499
0,232
0,498
0,231
0,449
0,230
0,458
0,229
0,497
0,228
0,562
0,227
0,448
0,226
0,457
0,225
0,561
0,224
0,443
0,223
0,437
0,222
0,495
0,221
0,494
0,220
0,493
0,219
0,492
0,218
0,491
0,217
0,490
0,216
0,489
0,215
0,488
0,214
0,487
0,213
0,486
0,212
0,485
0,211
0,484
0,210
0,483
0,209
0,482
0,208
0,481
0,207
0,480
0,206
0,479
0,205
0,478
0,204
0,477
0,203
0,447
0,202
0,456
0,201
0,476
0,200
0,560
0,199
0,446
0,198
0,455
0,197
0,559
0,196
0,442
0,195
0,436
0,194
0,475
0,193
0,474
0,192
0,473
0,63
0,472
0,62
0,471
0,61
0,470
0,60
0,469
0,59
0,468
0,58
0,467
0,57
0,466
0,56
0,465
0,55
0,464
0,54
0,463
0,53
0,441
0,52
0,462
0,51
0,50
0,454
0,49
0,48
0,440
0,47
0,453
0,46
0,452
0,45
0,439
0,6
0,5
0,304
0,303
0,306
0,305
0,302
0,12
0,10
0,8
0,11
0,4
0,2
0,3
0,7
